1 0.3394904458598726 0.09668803418803419 0.34617834394904456 0.09508547008547008 0.35668789808917195 0.07425213675213675 0.35859872611464966 0.037927350427350424 0.35477707006369424 0.014423076923076924 0.35668789808917195 0.0005341880341880342 0.3092356687898089 0 0.3038216560509554 0.026175213675213676 0.3089171974522293 0.06143162393162393 0.32070063694267514 0.08653846153846154
1 0.3401273885350318 0.3456196581196581 0.34554140127388533 0.3450854700854701 0.34936305732484074 0.3344017094017094 0.35700636942675157 0.33226495726495725 0.3611464968152866 0.3263888888888889 0.36178343949044584 0.2932692307692308 0.3560509554140127 0.26976495726495725 0.33726114649681527 0.24358974358974358 0.32961783439490444 0.24893162393162394 0.3181528662420382 0.24252136752136752 0.3073248407643312 0.25 0.30127388535031846 0.2622863247863248 0.2980891719745223 0.28365384615384615 0.3 0.3189102564102564 0.3130573248407643 0.33653846153846156
1 0.20828025477707007 0.45566239316239315 0.2194267515923567 0.4519230769230769 0.2267515923566879 0.44177350427350426 0.22993630573248408 0.4097222222222222 0.2178343949044586 0.3541666666666667 0.2143312101910828 0.34615384615384615 0.20732484076433122 0.34294871794871795 0.20191082802547772 0.34775641025641024 0.19745222929936307 0.36485042735042733 0.19235668789808918 0.3733974358974359 0.1859872611464968 0.4097222222222222 0.18726114649681527 0.42574786324786323 0.19299363057324842 0.44177350427350426 0.1996815286624204 0.4519230769230769
1 0.35286624203821654 0.49732905982905984 0.3576433121019108 0.49572649572649574 0.36242038216560507 0.484508547008547 0.36560509554140125 0.4577991452991453 0.364968152866242 0.4407051282051282 0.3573248407643312 0.4107905982905983 0.34617834394904456 0.39636752136752135 0.3417197452229299 0.3952991452991453 0.3363057324840764 0.406517094017094 0.3292993630573248 0.44604700854700857 0.3292993630573248 0.4652777777777778 0.33121019108280253 0.4813034188034188 0.33726114649681527 0.4967948717948718
1 0.343312101910828 0.5742521367521367 0.3595541401273885 0.5651709401709402 0.36178343949044584 0.5614316239316239 0.36178343949044584 0.5443376068376068 0.3592356687898089 0.5144230769230769 0.35 0.5032051282051282 0.3410828025477707 0.5 0.3305732484076433 0.5144230769230769 0.32420382165605094 0.5464743589743589 0.3267515923566879 0.5592948717948718 0.3321656050955414 0.5694444444444444 0.3378980891719745 0.5747863247863247
1 0.2318471337579618 0.7334401709401709 0.24203821656050956 0.7142094017094017 0.24904458598726115 0.6768162393162394 0.24585987261146497 0.6597222222222222 0.2375796178343949 0.6372863247863247 0.2321656050955414 0.625 0.22643312101910829 0.6239316239316239 0.21273885350318472 0.6458333333333334 0.20828025477707007 0.6789529914529915 0.2159235668789809 0.718482905982906
1 0.189171974522293 0.9268162393162394 0.20796178343949046 0.9252136752136753 0.21687898089171975 0.9198717948717948 0.23503184713375797 0.8904914529914529 0.23630573248407644 0.8680555555555556 0.2445859872611465 0.8498931623931624 0.24394904458598726 0.8360042735042735 0.2302547770700637 0.8205128205128205 0.2105095541401274 0.782051282051282 0.1977707006369427 0.7959401709401709 0.18630573248407642 0.8012820512820513 0.18025477707006368 0.8103632478632479 0.1751592356687898 0.8231837606837606 0.16878980891719744 0.8552350427350427 0.17133757961783438 0.8936965811965812 0.1770700636942675 0.9118589743589743 0.18503184713375795 0.9252136752136753
1 0.34968152866242036 0.7099358974358975 0.354140127388535 0.7024572649572649 0.36242038216560507 0.6714743589743589 0.35700636942675157 0.6623931623931624 0.3321656050955414 0.6410256410256411 0.32802547770700635 0.6469017094017094 0.3248407643312102 0.6618589743589743 0.32292993630573247 0.6907051282051282 0.3340764331210191 0.7061965811965812
1 0.8987261146496816 0.7644230769230769 0.9162420382165605 0.7478632478632479 0.9248407643312102 0.7334401709401709 0.9292993630573249 0.7174145299145299 0.9267515923566879 0.6821581196581197 0.9222929936305733 0.6650641025641025 0.9299363057324841 0.6298076923076923 0.9261146496815287 0.6180555555555556 0.9181528662420382 0.6100427350427351 0.9098726114649681 0.6442307692307693 0.8748407643312102 0.657051282051282 0.8668789808917198 0.6693376068376068 0.8605095541401274 0.6949786324786325 0.8643312101910828 0.7377136752136753 0.879936305732484 0.7564102564102564
1 0.9165605095541401 0.3402777777777778 0.9235668789808917 0.33600427350427353 0.9267515923566879 0.32211538461538464 0.9267515923566879 0.30074786324786323 0.9235668789808917 0.2857905982905983 0.9200636942675159 0.28205128205128205 0.9028662420382165 0.280982905982906 0.8968152866242038 0.29754273504273504 0.8974522292993631 0.31036324786324787 0.9073248407643312 0.33974358974358976
1 0.9312101910828026 0.19604700854700854 0.9369426751592357 0.1907051282051282 0.9401273885350319 0.16826923076923078 0.936624203821656 0.1581196581196581 0.9238853503184713 0.1527777777777778 0.9171974522292994 0.16292735042735043 0.9171974522292994 0.18215811965811965 0.9232484076433121 0.19444444444444445
1 0.9146496815286624 0.1501068376068376 0.9226114649681528 0.14743589743589744 0.9292993630573249 0.13194444444444445 0.9213375796178344 0.11538461538461539 0.9105095541401274 0.11324786324786325 0.9057324840764331 0.12126068376068376 0.9038216560509554 0.13408119658119658 0.9092356687898089 0.14743589743589744
1 0.8114649681528663 0.7387820512820513 0.8159235668789809 0.7334401709401709 0.824203821656051 0.7045940170940171 0.8203821656050956 0.6575854700854701 0.8143312101910828 0.6452991452991453 0.7996815286624204 0.6517094017094017 0.7955414012738854 0.6586538461538461 0.7949044585987262 0.6736111111111112 0.7885350318471338 0.6981837606837606 0.7923566878980892 0.7259615384615384 0.7961783439490446 0.7366452991452992
1 0.21719745222929937 0.1672008547008547 0.2248407643312102 0.15117521367521367 0.2248407643312102 0.1233974358974359 0.239171974522293 0.11965811965811966 0.24012738853503185 0.10523504273504274 0.23280254777070064 0.09188034188034189 0.2035031847133758 0.08226495726495726 0.20127388535031848 0.09348290598290598 0.19171974522292995 0.11378205128205128 0.19681528662420383 0.12446581196581197 0.19872611464968154 0.1372863247863248 0.21305732484076434 0.1655982905982906